scores_with_header = [['Student ID', 'SAT M', 'SAT CR'],
          [10305, 700, 610],
          [11304, 680, 590],
          [10254, 710, 730],
          [12007, 650, 690],
          [10089, 780, 760]]

scores = scores_with_header[1:]
print(scores)

scores_list_of_columns = [[10305, 11304, 10254, 12007, 10089],
                          [700, 680, 710, 650, 780],
                          [610, 590, 730, 690, 760]]
